Not enough lines in:
29+
36+
106
186+
265+
332
333
357+
374
379+
382
383
386
389
402
412
418
442
443
445
481
484
503+
516
532
533
544
552
644+
662+
674
699
743
765
768+
776+
808

Not even, but enough lines in:
31
58
105
108
109
140
149
162
172
176
181
182
183
185
189
195
263
284
289
317
326
351
352
372
392
404
405
408
435
453
466
476
517
551
607
614
617
630
664
695
717
724
729
730
742
744
760
761
762
763
779
800
805
809
810
823

No lines in:
407
448
677

Too much lines in:
2
3
22
32
40
41
45
49
51
56
69
79
85
104
118
119
123
144
145
153
358
363
451
482
536
642
753
798